2.519710590888280238e-03
2.512947961222380521e-03
2.499422701890580221e-03
2.487185562495142308e-03
2.492982102208770884e-03
2.515524201095104429e-03
2.497490521986037507e-03
2.515846231079194809e-03
2.510371721349656613e-03
2.516168261063285189e-03
2.506185331556480371e-03
2.526151190570090008e-03
2.528727430442813916e-03
2.530981640331447010e-03
2.524541040649637674e-03
2.519066530920099477e-03
2.513592021190561281e-03
2.568337118485942375e-03
2.554167799185961315e-03
2.557710129010956797e-03
2.559964338899589891e-03
2.563828698708675753e-03
2.571557418326847044e-03
2.578964107960928388e-03
2.555777949106414083e-03
2.577031928056385240e-03
2.572845538263208998e-03
2.560930428851861465e-03
2.575421778135932906e-03
2.589269067451823586e-03
2.559320278931409131e-03
2.594743577181361782e-03
2.585404707642737724e-03
2.581540347833651862e-03
2.577998018008656814e-03
2.565438848629128087e-03
2.571235388342756664e-03
2.577675988024566434e-03
2.559320278931409131e-03
2.581540347833651862e-03
2.576709898072294860e-03
2.595387637149542542e-03
2.582184407801833056e-03
2.576387868088204480e-03
2.571879448310937857e-03
2.576387868088204480e-03
2.590879217372275920e-03
2.584438617690466150e-03
2.580252227897290342e-03
2.615997556131332939e-03
2.593455457244999828e-03
2.589269067451823586e-03
2.601506206847261499e-03
2.607302746560890075e-03
2.591845307324547494e-03
2.202317158902413308e+00
5.227781452742812363e+00
5.227943755854794539e+00
5.227973382613330777e+00
5.228026517560705244e+00
5.228053890109353397e+00
5.228222633821016707e+00
5.228149855044612160e+00
5.228209108561684637e+00
5.228216837281302709e+00
5.228239701410173801e+00
5.228233904870459803e+00
5.228242277650045899e+00
5.228231972690554841e+00
5.228218769461207671e+00
5.228240989530109850e+00
5.228234548930427827e+00
5.228269972228678064e+00
5.228271904408582138e+00
5.228270294258662076e+00
5.228265141778916991e+00
5.228261277419107067e+00
5.228289616057707256e+00
5.228281887338089184e+00
5.228286073727882233e+00
5.228320208906196420e+00
5.228285107637930196e+00
5.228278022978280148e+00
5.228303463347023339e+00
5.228266107868869028e+00
5.228285107637930196e+00
5.228299598987214303e+00
5.228280277188169123e+00
5.228289616057707256e+00
5.228273514558503088e+00
5.228286073727882233e+00
5.228290260117675281e+00
5.228287683877803182e+00
5.228303141317039326e+00
5.228312158156593448e+00
5.228296378687373291e+00
5.228290904177644194e+00
5.228249684339679959e+00
5.228261921479075980e+00
5.228252904639520970e+00
5.228222955851000719e+00
5.228308293796784412e+00
5.228394275802537017e+00
5.228260311329155030e+00
5.228258057119266944e+00
5.228300243047182327e+00
5.228279633128201098e+00
5.228265141778916991e+00
5.228284463577962171e+00
5.228269972228678064e+00
5.228266751928837053e+00
5.228273192528519075e+00
5.228301209137134364e+00
5.228307327706832375e+00
5.228304429436975376e+00
5.228305073496943400e+00
5.228294768537453230e+00
5.228369801523745863e+00
5.228372699793602862e+00
5.228352411904604757e+00
5.228361428744159767e+00
5.228382360693125896e+00
5.228331801985623528e+00
5.228338886645273575e+00
5.228350479724700683e+00
5.228380428513220934e+00
5.228354988144477744e+00
5.228389767382759956e+00
5.228369479493761851e+00
5.228348547544795721e+00
5.228363682954047853e+00
5.228363360924063841e+00
5.228340174765209625e+00
5.228367547313857777e+00
5.228332124015607540e+00
5.228344361155002673e+00
5.228320208906196420e+00
5.228309259886737337e+00
5.228298632897262266e+00
5.228295090567437242e+00
5.228293158387532280e+00
5.228322463116084506e+00
5.228289294027723244e+00
5.228290582147659293e+00
5.228303463347023339e+00
5.228277378918312124e+00
5.228253548699488995e+00
5.228255802909377969e+00
5.228247752159775885e+00
5.228254514789441920e+00
5.228262565539044004e+00
5.228269328168710040e+00
5.228252582609536958e+00
5.228236481110332790e+00
5.228275124708423149e+00
5.228257735089282932e+00
5.228241633590077875e+00
5.228251938549568933e+00
5.228217803371255634e+00
5.228257413059298031e+00
5.228228752390714718e+00
5.228268040048773102e+00
5.228230684570618791e+00
5.228224243970936769e+00
5.228170142933610265e+00
5.228127957005693993e+00
5.228130533245566980e+00
5.228116041896282873e+00
5.228151465194532221e+00
5.228087703257682683e+00
5.228109923326584862e+00
5.228165312483848304e+00
5.228164024363912255e+00
5.228205566231859613e+00
5.228243565769982837e+00
5.228221345701080658e+00
5.228182058043021385e+00
5.228077720328175637e+00
5.228067415368685467e+00
5.228063228978891530e+00
5.228080296568048624e+00
5.228060330709035419e+00
5.228073855968366601e+00
5.228103804756886852e+00
5.228136973845249003e+00
5.228041974999942276e+00
5.228014602451294124e+00
5.227991094262455896e+00
5.227928298415557506e+00
5.228058076499146445e+00
5.228210396681621575e+00
5.228245819979870923e+00
5.228222633821016707e+00
5.228267395988805077e+00
5.228215227131382647e+00
5.228193973152432505e+00
5.228174007293419301e+00
5.228154685494373233e+00
5.227989162082550934e+00
5.227981755392916874e+00
5.227975636823218863e+00
5.227943433824810526e+00
5.227943111794826514e+00
5.227901569926878267e+00
5.227898671657021268e+00
5.227879027827992076e+00
5.227856163699121872e+00
5.228137617905217027e+00
5.228253226669504983e+00
5.228267395988805077e+00
5.228287361847819170e+00
5.228301531167118377e+00
5.228270294258662076e+00
5.228029093800578231e+00
5.228165956543816328e+00
5.228219091491191683e+00
5.228221023671095757e+00
5.228229074420698730e+00
5.228217481341271622e+00
5.228111211446520912e+00
5.228190430822607482e+00
5.228385903022950920e+00
5.228401038432203052e+00
5.228388157232839006e+00
5.228332446045591553e+00
5.228351445814652720e+00
5.228392343622632055e+00
5.228397174072394016e+00
5.228390411442727981e+00
5.228355310174461756e+00
5.228394275802537017e+00
5.228418428051343270e+00
5.228417461961391233e+00
5.228386225052934932e+00
5.228363360924063841e+00
5.228386225052934932e+00
5.228379784453252910e+00
5.228392343622632055e+00
5.228388479262823019e+00
5.228357242354366718e+00
5.228353700024541695e+00
5.228355954234429781e+00
5.228409411211789148e+00
5.228377852273347948e+00
5.228329869805718566e+00
5.228318598756275470e+00
5.228333734165527602e+00
5.228320208906196420e+00
5.228320852966164445e+00
5.228343073035066624e+00
5.228353055964573670e+00
5.228347259424859672e+00
5.228311514096625423e+00
5.228300243047182327e+00
5.228311192066641411e+00
5.228295090567437242e+00
5.228306361616880338e+00
5.228325683415925518e+00
5.228320208906196420e+00
5.228289616057707256e+00
5.228316988606355409e+00
5.228314090336498410e+00
5.228295412597421254e+00
5.228303141317039326e+00
5.228308293796784412e+00
5.228309903946705361e+00
5.228299921017198315e+00
5.228304751466959388e+00
5.228321497026132469e+00
5.228313768306514397e+00
5.228309581916721349e+00
5.228354344084509719e+00
5.228326971535861567e+00
5.228311514096625423e+00
5.228281243278121160e+00
5.228256124939361982e+00
5.228259023209218981e+00
5.228252260579552946e+00
5.228293802447500305e+00
5.228284785607946183e+00
5.228273514558503088e+00
5.228254514789441920e+00
5.228257091029314019e+00
5.228260311329155030e+00
5.228251938549568933e+00
5.228239057350204888e+00
5.228214583071414623e+00
5.228227464270777780e+00
5.228203956081939552e+00
5.228222311791032695e+00
5.228215871191350672e+00
5.228199447662162491e+00
5.228216515251318697e+00
5.228250328399647984e+00
5.228231328630586816e+00
5.228244531859934874e+00
5.228271582378598126e+00
5.228257091029314019e+00
5.228242277650045899e+00
5.228232616750523754e+00
5.228242277650045899e+00
5.228225532090873706e+00
5.228163380303944230e+00
5.228172397143498351e+00
5.228189142702671433e+00
5.228188498642703408e+00
5.228247752159775885e+00
5.228224566000920781e+00
5.228228108330745805e+00
5.228201701872050577e+00
5.228161770154023280e+00
5.228161770154023280e+00
5.228160482034087231e+00
5.228154685494373233e+00
5.228150499104580184e+00
5.228137939935201040e+00
5.228170464963594277e+00
5.228147600834723185e+00
5.228157905794214244e+00
5.228170142933610265e+00
5.226563535342982902e+00
5.222279570464626985e+00
5.222368450740235701e+00
5.222531719942169914e+00
5.222240926866535737e+00
5.223268524545768621e+00
5.222501127093680751e+00
5.222653125246171868e+00
5.222509177843283723e+00
5.222586787069449343e+00
5.222340756161604425e+00
5.222691768844263116e+00
5.222969036660564335e+00
5.222783869419712843e+00
5.222974511170294321e+00
5.223002527778909609e+00
5.222693701024167190e+00
5.222994154999323513e+00
5.222433822827006189e+00
5.222671158925280999e+00
5.222979019590071381e+00
5.222600634358765426e+00
5.222653769306139893e+00
5.222918477953061966e+00
5.222724293872655466e+00
5.222567787300388176e+00
5.222515618442964858e+00
5.222535906331962963e+00
5.222742005521780584e+00
5.222824123167724153e+00
5.222778394909982858e+00
5.222410636668151973e+00
5.222866953155607561e+00
5.222492110254126629e+00
5.222196486728731379e+00
5.222548143471358095e+00
5.222727514172496477e+00
5.222518516712821857e+00
5.222422229747579081e+00
5.222253808065899783e+00
5.222462805525574403e+00
5.222115979232708760e+00
5.222061234135413343e+00
5.221843541866168614e+00
5.222162351550418080e+00
5.222372959160012762e+00
5.222119521562533784e+00
5.222102131943392678e+00
5.221891846363782008e+00
5.222030319256941056e+00
5.222116945322660797e+00
5.221880575314338913e+00
5.221820999767282423e+00
5.222421263657627044e+00
5.221823576007154522e+00
5.221875100804608927e+00
5.222158809220593056e+00
5.221598477048275733e+00
5.221470309114607744e+00
5.220841706585662934e+00
5.220846537035424006e+00
5.221078076593985706e+00
5.221130245451408136e+00
5.221133787781233160e+00
5.220895807622990326e+00
5.220781809008622432e+00
5.220458168874611005e+00
5.220550591480044744e+00
5.220538354340649612e+00
5.220499388712574351e+00
5.220551235540013657e+00
5.220573777638899848e+00
5.220387966338079444e+00
5.220189273837895882e+00
5.220133562650647541e+00
5.219543281689809966e+00
5.218983915607444679e+00
5.218913391040929106e+00
5.219085033022449416e+00
5.218852849403919691e+00
5.218865730603283737e+00
5.219459231863962323e+00
5.218630326684913889e+00
5.219377758277987667e+00
5.218155010428396245e+00
5.218486057252040844e+00
5.218694732681731452e+00
5.219463418253755371e+00
5.219428639015474047e+00
5.219132693460094785e+00
5.219271166353253832e+00
5.221900863203336129e+00
5.219331385960278347e+00
5.218315059330489447e+00
5.219649551584559788e+00
5.220292967492772718e+00
5.219986394947918384e+00
5.218935611109831285e+00
5.219122066470619714e+00
5.219527502220589810e+00
5.219348453549435440e+00
5.216730027748795351e+00
5.219530400490446809e+00
5.220660403704619590e+00
5.220011513286677562e+00
5.218965881928335548e+00
5.218155010428396245e+00
5.218167569597775390e+00
5.219569688148505193e+00
5.219132049400126760e+00
5.214247820631426222e+00
5.216342625677935274e+00
5.217935385979246554e+00
5.216271779081434801e+00
5.216740332708286410e+00
5.223252745076548464e+00
5.221712797692627639e+00
5.221542121801059366e+00
5.221617154787352888e+00
5.221676730334409378e+00
5.221712153632659614e+00
5.221733729641593769e+00
5.221595900808402746e+00
5.221566596079850520e+00
5.216569656816719025e+00
5.215646074822346989e+00
5.215349485206999702e+00
5.218048418503662411e+00
5.211228467500593986e+00
5.215001048764213998e+00
5.215750090507208725e+00
5.215991290965292571e+00
5.215113437228661830e+00
5.214343463536700973e+00
5.215076081750506631e+00
5.215379756025503966e+00
5.215325332958193449e+00
5.215837360632896491e+00
5.215852496042149511e+00
5.215609685434144716e+00
5.215872783931146728e+00
5.215800649214710205e+00
5.215699853829690369e+00
5.215611939644033690e+00
5.215513076438917928e+00
5.215852174012164610e+00
5.216001917954766753e+00
5.215813208384090238e+00
5.216057951171999107e+00
5.216177424296096099e+00
5.216112696269294524e+00
5.215704684279451442e+00
5.215864733181544644e+00
5.215914969859063000e+00
5.216804738705104860e+00
5.217076209981692969e+00
5.217063328782328924e+00
5.217184412056347753e+00
5.216805704795056897e+00
5.216933228668756861e+00
5.216554199377481993e+00
5.216612808834586446e+00
5.216743230978143409e+00
5.216771569616743598e+00
5.216665943781961801e+00
5.216910364539886658e+00
5.216721010909241230e+00
5.215816428683931250e+00
5.215904664899571941e+00
5.216327812298666267e+00
5.216357761087187406e+00
5.216322337788937169e+00
5.216472081731539312e+00
5.216279185771068860e+00
5.216869144701922423e+00
5.216940313328406909e+00
5.216491725560568504e+00
5.216151339867384884e+00
5.215556228456786236e+00
5.216196424065158155e+00
5.216167763396573953e+00
5.216230881273455466e+00
5.216228627063566492e+00
5.216104001459723527e+00
5.216215423834219322e+00
5.216383201455930596e+00
5.216165509186684979e+00
5.215606143104319692e+00
5.215942664437694276e+00
5.215792920495092133e+00
5.215871817841194691e+00
5.216265982541721691e+00
5.216092408380296419e+00
5.216085323720646372e+00
5.216244084502803524e+00
5.215855072282021609e+00
5.215656379781838048e+00
5.215341434457397618e+00
5.216219610224012371e+00
5.216006104344560690e+00
5.216348100187664372e+00
5.216792179535724827e+00
5.216615707104443445e+00
5.217010515864938469e+00
5.216961889337341063e+00
5.216743553008127421e+00
5.216559029827243954e+00
5.216311388769478086e+00
5.216800230285327800e+00
5.216823738474166028e+00
5.216765773077029600e+00
5.217042396833363682e+00
5.217161869957460674e+00
5.217162836047413599e+00
5.216746773307968432e+00
5.216381269276025634e+00
5.217597254495951020e+00
5.217488730391313112e+00
5.217782421736803400e+00
5.217854878483223935e+00
5.217725422429619009e+00
5.217914776060264437e+00
5.217995283556287056e+00
5.217681304321798663e+00
5.216942889568279895e+00
5.216548724867752895e+00
5.217142548158415494e+00
5.217300020820635709e+00
5.217183123936410816e+00
5.217803353685769530e+00
5.217588559686380911e+00
5.218041333844012364e+00
5.217884183211776161e+00
5.217725422429619009e+00
5.217523831659578448e+00
5.217719303859921887e+00
5.217861641112889970e+00
5.218047130383725474e+00
5.218013317235396187e+00
5.217492272721138136e+00
5.217107446890150158e+00
5.217631067644281195e+00
5.217845539613684913e+00
5.217759235577949184e+00
5.217770828657376292e+00
5.218272551372589163e+00
5.217790472486405484e+00
5.217671321392292505e+00
5.217345749078377004e+00
5.217591135926253898e+00
5.216994736395718313e+00
5.216601859815127362e+00
5.216323947938857231e+00
5.216276287501211861e+00
5.216103679429739515e+00
5.216249559012532622e+00
5.216320083579048195e+00
5.216274355321307787e+00
5.216029934563382930e+00
5.215913037679158037e+00
5.215688582780247273e+00
5.215504059599362918e+00
5.215951359247265273e+00
5.215829309883294407e+00
5.215981630065769536e+00
5.216108509879501476e+00
5.216203508724808202e+00
5.216266948631673728e+00
5.216166153246653003e+00
5.216202542634855277e+00
5.216542284268070873e+00
5.216833721403673074e+00
5.217027583454095563e+00
5.216844992453116170e+00
5.216987651736068266e+00
5.217307749540253781e+00
5.217400494175672421e+00
5.223244050266977467e+00
5.223577351300511928e+00
5.223659146916470597e+00
5.223606011969095242e+00
5.223581859720288989e+00
5.223454657876573037e+00
5.223168051190732797e+00
5.222937155692140010e+00
5.222940698021965034e+00
5.222923952462791952e+00
5.222970968840469297e+00
5.222962596060883200e+00
5.223063713475887049e+00
5.223169017280684834e+00
5.223239541847200407e+00
5.223238897787232382e+00
5.223302337694097908e+00
5.223426319237972848e+00
5.223577673330495941e+00
5.223601503549318181e+00
5.223783128460345537e+00
5.223922889473440634e+00
5.223882957755413337e+00
5.223967651641229004e+00
5.223950906082056811e+00
5.223896483014745407e+00
5.223884889935318299e+00
5.223980210810609037e+00
5.224014023958938324e+00
5.224023684858460470e+00
5.224038498237729478e+00
5.224031091548095418e+00
5.224030125458142493e+00
5.224024328918429383e+00
5.223912262483965563e+00
5.223891974594968346e+00
5.223948651872167837e+00
5.220542218700458648e+00
5.218723071320331641e+00
5.219520417560939762e+00
5.219371639708289656e+00
5.219556806949142036e+00
5.219927463460829919e+00
5.220108122281905239e+00
5.220200866917322990e+00
5.226136523584078653e+00
5.226559026923204954e+00
5.227071054597908883e+00
5.227516100035922264e+00
5.228456427589466493e+00
5.228784254113270080e+00
5.228941082715522271e+00
5.228425834740977329e+00
5.228532104635727151e+00
5.228215871191350672e+00
5.227785961162590311e+00
5.227658759318874360e+00
5.227462321028578884e+00
5.227291001077042587e+00
5.227006326571107309e+00
5.227263306498411310e+00
5.226869141797884311e+00
5.226835650679539036e+00
5.226620856680150418e+00
5.226798939261352750e+00
5.227082325647351979e+00
5.226977021842555082e+00
5.226956089893588953e+00
5.226899412616388574e+00
5.226760295663261502e+00
5.226548721963714783e+00
5.226539061064191749e+00
5.226331673754437190e+00
5.221556613150343473e+00
5.220385068068222445e+00
5.221014314657135280e+00
5.220918027691892505e+00
5.220810469677205745e+00
5.220990484438313040e+00
5.220667810394253650e+00
5.220770215929194435e+00
5.220024716516025620e+00
5.219361012718814585e+00
5.219036084464867997e+00
5.219124320680508688e+00
5.219298538901901097e+00
5.219220285615767452e+00
5.218816782045702318e+00
5.219297894841933072e+00
5.219158133828837975e+00
5.220394728967745479e+00
5.220030513055738730e+00
5.219999598177266442e+00
5.220156748809502645e+00
5.220227917435986242e+00
5.220350610859925133e+00
5.219798651467193906e+00
5.219319792880851239e+00
5.218529853329877177e+00
5.217381816436594377e+00
5.217748286558490101e+00
5.217146734548208542e+00
5.217352511708042151e+00
5.217104226590309146e+00
5.217815912855148675e+00
5.217544763608544578e+00
5.218290907081682306e+00
5.218103807660925852e+00
5.218261602353130080e+00
5.218346618268929760e+00
5.218134078479430116e+00
5.218142451259016212e+00
5.217861319082905958e+00
5.217201479645503959e+00
5.217125480569258400e+00
5.216204152784776227e+00
5.215759429376746859e+00
5.215525313578313060e+00
5.216579317716241171e+00
5.217083616671327029e+00
5.217265241582354385e+00
5.216868822671938410e+00
5.216791857505740815e+00
5.217049481493013730e+00
5.216928720248979801e+00
5.217303241120476720e+00
5.216527792918786766e+00
5.215828343793342370e+00
5.215328553258033573e+00
5.215233232382742834e+00
5.215980341945833487e+00
5.216441166853066136e+00
5.216480776541109421e+00
5.216650808372709669e+00
5.216725197299034278e+00
5.216826958774007039e+00
5.216856263502559266e+00
5.216928720248979801e+00
5.216875263271620433e+00
5.215936223838012253e+00
5.215195232844620499e+00
5.215524669518345036e+00
5.216525538708898679e+00
5.216860771922336326e+00
5.217409188985242530e+00
5.217293258190969674e+00
5.217523831659578448e+00
5.218132790359494066e+00
5.218651258633879131e+00
5.218911780891009045e+00
5.218089316311641745e+00
5.217327393369283861e+00
5.218411346295732223e+00
5.219949039469764074e+00
5.220119715361332347e+00
5.220226307286066181e+00
5.220539964490570561e+00
5.220834621926012886e+00
5.220816266216919743e+00
5.221310904272482567e+00
5.221297701043135397e+00
5.222361044050601642e+00
5.228689899327932267e+00
5.228394597832521029e+00
5.228575256653595460e+00
5.228622595061256817e+00
5.228607781681988698e+00
5.228716627816611506e+00
5.228691187447868316e+00
5.228680882488377257e+00
5.228658662419475078e+00
5.228553036584693281e+00
5.228517935316427945e+00
5.228219091491191683e+00
5.228254836819425933e+00
5.228146312714787136e+00
5.227943433824810526e+00
5.227605302341514992e+00
5.227357017223781099e+00
5.226351639613451283e+00
5.225906594175437903e+00
5.225539802023559055e+00
5.225155620252539102e+00
5.224911199494614245e+00
5.224699625795066638e+00
5.224533780353260326e+00
5.224344426722614898e+00
5.224263275166624254e+00
5.224200801349710765e+00
5.224096141604881005e+00
5.224016922228795323e+00
5.223708095474052016e+00
5.223771535380918429e+00
5.223676858565595715e+00
5.223618571138475275e+00
5.223394760299532535e+00
5.223198644039221072e+00
5.223093984294391312e+00
5.222677277494979009e+00
5.222866309095639537e+00
5.222838292487024248e+00
5.222697243353992214e+00
5.222807699638535084e+00
5.222884664804732679e+00
5.222662142085725989e+00
5.222935545542219060e+00
5.222879834354971607e+00
5.222883698714780643e+00
5.222994154999323513e+00
5.222789021899457929e+00
5.222714632973133320e+00
5.222788699869473916e+00
5.222707548313483272e+00
5.222729124322417427e+00
5.222680175764835120e+00
5.222754564691160617e+00
5.222724937932624378e+00
5.222754242661176605e+00
5.222756818901048703e+00
5.222713344853196382e+00
5.222735564922098561e+00
5.222694023054151202e+00
5.222734276802162512e+00
5.222710768613324284e+00
5.222660531935805928e+00
5.222677277494979009e+00
5.222597736088908427e+00
5.222620600217778630e+00
5.222583244739624320e+00
5.222526567462423941e+00
5.222467313945351464e+00
5.222464737705478477e+00
5.222483093414572508e+00
5.222473754545033486e+00
5.222437365156831213e+00
5.222372637130028750e+00
5.222368128710251689e+00
5.222409992608183948e+00
5.222362332170538579e+00
5.222370704950124676e+00
5.222419975537690107e+00
5.222391636899090805e+00
5.222388094569265782e+00
5.222352671271015545e+00
5.222385518329392795e+00
5.222418043357786033e+00
5.222410636668151973e+00
5.222398399528755952e+00
5.222374247279949699e+00
5.222364908410410678e+00
5.222318536092702246e+00
5.222375213369901736e+00
5.222412246818072035e+00
5.222397433438803915e+00
5.222401297798612951e+00
5.222460873345669441e+00
5.222426094107388117e+00
5.222390026749169856e+00
5.222410314638167961e+00
5.222399043588724865e+00
5.222357179690792606e+00
5.222366518560331627e+00
5.222371671040076713e+00
5.222375213369901736e+00
5.221503478202969006e+00
5.216354218757362382e+00
5.216526182768866704e+00
5.217129344929068324e+00
5.216857873652479327e+00
5.216913906869711681e+00
5.216980567076418218e+00
5.216951906407834016e+00
5.217030803753936574e+00
5.216064069741696230e+00
5.215872783931146728e+00
5.216783162696170706e+00
5.216810857274801982e+00
5.217144480338320456e+00
5.217263309402449423e+00
5.216869144701922423e+00
5.216691384150704991e+00
5.217326105249346924e+00
5.216893618980713576e+00
5.215872461901162715e+00
5.216583826136018232e+00
5.217059786452503900e+00
5.217185700176283802e+00
5.217107768920134170e+00
5.217108090950118182e+00
5.217466510322410933e+00
5.217127734779147374e+00
5.217219835354597102e+00
5.216884280111175443e+00
5.216058273201983120e+00
5.215496974939712871e+00
5.216863992222177338e+00
5.216923245739249815e+00
5.216975736626657145e+00
5.217115497639752242e+00
5.217273936391924494e+00
5.217242055423499281e+00
5.217383104556531315e+00
5.217051413672917803e+00
5.216341015528014324e+00
5.216385133635834670e+00
5.217396307785878484e+00
5.217068803292058909e+00
5.217245919783308317e+00
5.217389867186197350e+00
5.217557000747939711e+00
5.217300342850619721e+00
5.217557644807908623e+00
5.216550335017672957e+00
5.216214779774251298e+00
5.216074052671203276e+00
5.217567627737414782e+00
5.217130311019020361e+00
5.217488730391313112e+00
5.217652321623230449e+00
5.217577610666921828e+00
5.217461035812680947e+00
5.217711253110319802e+00
5.217266529702290434e+00
5.216749993607809444e+00
5.220696471062837851e+00
5.218808409266115333e+00
5.217349935468170052e+00
5.217470052652235957e+00
5.217805929925641628e+00
5.217799167295976481e+00
5.217722202129778886e+00
5.217593068106157972e+00
5.217293902250937698e+00
5.216989261885988327e+00
5.216389964085595743e+00
5.217440425893699718e+00
5.217055600062710852e+00
5.217984334536827973e+00
5.217584695326571875e+00
5.217614000055124102e+00
5.218315703390457472e+00
5.217533814589085495e+00
5.217872912162333066e+00
5.216604114025016337e+00
5.216815365694579931e+00
5.216367099956725539e+00
5.216286914490686932e+00
5.218402973516146126e+00
5.217720914009841948e+00
5.216826636744023027e+00
5.217607237425458067e+00
5.219069897613197284e+00
5.218314737300504547e+00
5.218573649407713511e+00
5.215896292119985844e+00
5.223938024882692766e+00
5.217665846882562519e+00
5.213081105999066267e+00
5.219579993107996252e+00
5.217428832814271722e+00
5.218782968897372143e+00
5.218391058406734118e+00
5.217426578604383636e+00
5.219047677544295105e+00
5.218791341676959128e+00
5.221301887432928446e+00
5.218144383438921174e+00
5.216814399604627006e+00
5.216043137792730988e+00
5.217076209981692969e+00
5.217588881716364924e+00
5.217912843880360363e+00
5.217460391752712923e+00
5.218135688629351066e+00
5.217189564536092838e+00
5.216960601217404125e+00
5.217573746307112792e+00
5.216739044588350360e+00
5.216210271354473349e+00
5.215996765475021668e+00
5.216862060042272375e+00
5.217482611821615102e+00
5.217211784604995017e+00
5.217753439038235186e+00
5.217930555529484593e+00
5.217916064180200486e+00
5.217956639958196696e+00
5.217867759682587092e+00
5.217126446659211325e+00
5.216561606067116053e+00
5.217512560610135353e+00
5.217721558069809973e+00
5.218142451259016212e+00
5.218041011814028352e+00
5.218083197741943735e+00
5.217975317697273852e+00
5.218479294622374809e+00
5.217635254034074244e+00
5.217299376760667684e+00
5.217226275954279124e+00
5.216771569616743598e+00
5.218207501315802688e+00
5.218269331072748152e+00
5.218199128536216591e+00
5.218436786664475413e+00
5.218459650793345617e+00
5.218678309152543271e+00
5.218545632799098222e+00
5.218086418041784746e+00
5.217656830043008398e+00
5.217333511938980983e+00
5.218334059099550615e+00
5.218312805120600473e+00
5.218775240177754071e+00
5.218722105230379604e+00
5.218642563824309022e+00
5.218581700157315595e+00
5.218569785047904475e+00
5.218026520464744245e+00
5.217181835816474766e+00
5.217666168912546532e+00
5.218389770286798068e+00
5.218297991741332353e+00
5.218607462556042798e+00
5.218623564055247854e+00
5.218286076631921233e+00
5.218685715842177331e+00
5.218470599812804700e+00
5.218169501777680352e+00
5.217550560148258576e+00
5.218155976518348282e+00
5.218544988739129309e+00
5.218706647791143460e+00
5.218852849403919691e+00
5.219293708452140024e+00
5.219224472005560500e+00
5.219236709144955633e+00
5.218896001421788000e+00
5.218547887008986308e+00
5.218491853791754842e+00
5.219484350202721501e+00
5.219437333825044156e+00
5.219839549275173241e+00
5.220725453761406065e+00
5.220188951807911870e+00
5.220557676139694792e+00
5.225926238004467095e+00
5.227077173167606894e+00
5.227512879736081253e+00
5.227990772232471883e+00
5.228061296798987456e+00
5.228683458728250244e+00
5.228639984680397923e+00
5.228870880178990710e+00
5.229030285021115887e+00
5.229010641192085806e+00
5.228946879255236269e+00
5.228978760223661482e+00
5.229104673947440496e+00
5.229177452723845043e+00
5.229268265179358721e+00
5.229226079251442449e+00
5.225107959814893732e+00
5.223711315773893027e+00
5.223535165372595657e+00
5.223373506320582393e+00
5.222538482571835949e+00
5.222032573466829142e+00
5.221865439905086781e+00
5.222094081193790593e+00
5.221527952481759272e+00
5.221003365637676197e+00
5.220689386403187804e+00
5.220965366099553862e+00
5.220055631394497908e+00
5.219920700831163884e+00
5.220788571638287578e+00
5.220358983639511230e+00
5.220671674754063574e+00
5.221592036448593710e+00
5.221817135407473387e+00
5.221637120646366093e+00
5.222378433669742748e+00
5.222595481879019452e+00
5.222255740245803857e+00
5.221950133790902449e+00
5.222140775541483926e+00
5.222506923633394749e+00
5.222454110716004294e+00
5.222343332401476523e+00
5.222859868495957514e+00
5.222754564691160617e+00
5.223000595599005536e+00
5.222901088333921749e+00
5.222666650505503938e+00
5.222728802292433414e+00
5.222228367697156592e+00
5.222317247972765308e+00
5.222418687417754057e+00
5.222320790302590332e+00
5.222187147859193246e+00
5.222338179921731438e+00
5.222292451663990143e+00
5.222502093183633676e+00
5.222513042203092759e+00
5.222361366080585654e+00
5.222727192142512465e+00
5.222535262271994938e+00
5.222662142085725989e+00
5.222408382458262999e+00
5.222364908410410678e+00
5.222273451894928975e+00
5.221952065970806522e+00
5.221883795614179924e+00
5.222324976692383380e+00
5.222350095031142558e+00
5.222461195375654341e+00
5.222537516481883024e+00
5.222746513941557645e+00
5.222541058811708048e+00
5.222694989144103239e+00
5.222855360076180453e+00
5.222746513941557645e+00
5.222744259731669558e+00
5.222673413135169973e+00
5.222449602296226345e+00
5.222219028827617571e+00
5.221805542328045391e+00
5.221494461363413997e+00
5.221294480743294386e+00
5.221266786164662221e+00
5.221317666902148602e+00
5.221072280054271708e+00
5.221267108194646234e+00
5.221032670366228423e+00
5.221050382015353541e+00
5.221373700119380068e+00
5.221370479819539057e+00
5.221046839685528518e+00
5.221118974401965040e+00
5.221395276128314222e+00
5.221066161484573698e+00
5.221359208770095961e+00
5.221273870824312269e+00
5.221376276359253055e+00
5.221320887201989613e+00
5.221594290658482684e+00
5.221284819843771352e+00
5.221397208308219184e+00
5.221094178093189875e+00
5.221403326877916307e+00
5.221839355476375566e+00
5.221440038296102593e+00
5.221341819150955743e+00
5.220918993781844542e+00
5.221113177862251042e+00
5.221434241756389483e+00
5.221914388462668200e+00
5.222073471274809364e+00
5.221839033446391554e+00
5.221631646136636995e+00
5.221636798616382080e+00
5.221689611533773423e+00
5.221934354321682292e+00
5.221582053519086664e+00
5.221653222145571149e+00
5.221716017992468650e+00
5.221880253284354900e+00
5.221334090431337671e+00
5.221655154325475223e+00
5.221540833681123317e+00
5.221453563555434663e+00
5.221267108194646234e+00
5.221694119953550484e+00
5.221517003462301076e+00
5.221265176014742160e+00
5.221412343717471316e+00
5.221259379475028162e+00
5.221434241756389483e+00
5.221355344410286925e+00
5.221400750638044208e+00
5.221551460670598388e+00
5.221272904734360232e+00
5.221210752947430755e+00
5.221201414077891734e+00
5.221479325954161865e+00
5.221469020994670807e+00
5.221576256979373554e+00
5.221214617307239791e+00
5.221391089738521174e+00
5.221283531723835303e+00
5.221329904041543735e+00
5.221350513960525852e+00
5.221356954560207875e+00
5.221763678430114020e+00
5.221473207384464743e+00
5.221375632299285030e+00
5.221400428608060196e+00
5.221637120646366093e+00
5.221195939568162636e+00
5.221277735184121305e+00
5.221750797230749974e+00
5.221473207384464743e+00
5.221357598620175899e+00
5.221433919726405470e+00
5.221399462518107271e+00
5.221968489499995592e+00
5.221935642441618342e+00
5.221584951788943663e+00
5.221423614766914412e+00
5.221870914414815879e+00
5.221683170934091400e+00
5.221604917647957755e+00
5.221817779467441412e+00
5.221850948555802674e+00
5.221924693422159258e+00
5.221741458361211841e+00
5.221672543944616329e+00
5.221746610840956926e+00
5.221953354090743460e+00
5.221738560091354842e+00
5.221835813146550542e+00
5.221909880042891139e+00
5.221806508417998316e+00
5.221634866436478006e+00
5.221673510034568366e+00
5.221738560091354842e+00
5.221550172550662339e+00
5.221596544868370771e+00
5.221718594232341637e+00
5.221816813377488486e+00
5.221787830678921161e+00
5.221540189621155292e+00
5.221488342793716875e+00
5.221323463441862600e+00
5.221440682356071505e+00
5.221413631837407365e+00
5.221381750868983040e+00
5.221420394467073400e+00
5.221470309114607744e+00
5.221207854677573756e+00
5.221120906581869114e+00
5.221130567481392148e+00
5.221088059523491864e+00
5.221336988701193782e+00
5.221373378089396056e+00
5.221212041067366805e+00
5.221322175321925663e+00
5.221618120877304925e+00
5.221160838299896412e+00
5.221202058137859758e+00
5.221379818689078078e+00
5.221606849827861829e+00
5.221168244989530471e+00
5.221209142797509806e+00
5.221267430224630246e+00
5.221726644981943721e+00
5.221650001845730138e+00
5.221775915569509152e+00
5.221642273126112066e+00
5.221610070127702841e+00
5.221680272664234401e+00
5.221720526412245711e+00
5.221873168624704853e+00
5.222044166546257138e+00
5.221890880273829971e+00
5.221903761473193128e+00
5.221794593308586308e+00
5.221982658819295686e+00
5.222038047976559128e+00
5.221951099880854485e+00
5.222016149937640961e+00
5.221967201380059542e+00
5.222089894803997545e+00
5.222337857891747426e+00
5.222162995610386105e+00
5.222295027903863129e+00
5.222476652814890485e+00
5.222444127786497248e+00
5.222363298260490616e+00
5.222265079115342878e+00
5.222392280959058830e+00
5.222350417061126571e+00
5.222385196299408783e+00
5.222375535399885749e+00
5.222035793766670153e+00
5.221982658819295686e+00
5.221999726408451892e+00
5.222000370468420805e+00
5.222031929406861117e+00
5.221669001614791306e+00
5.222079589844506486e+00
5.221958506570488545e+00
5.221670611764711367e+00
5.221760780160257021e+00
5.221975574159645639e+00
5.221998760318499855e+00
5.221741780391195853e+00
5.221849338405881724e+00
5.221612324337591815e+00
5.221948845670966399e+00
5.221738238061370829e+00
5.221563053750025496e+00
5.222039980156463201e+00
5.222078301724570437e+00
5.221953676120727472e+00
5.221938218681491328e+00
5.222040302186448102e+00
5.221967201380059542e+00
5.222076047514681463e+00
5.221763034370145995e+00
5.221962370930297581e+00
5.221998760318499855e+00
5.222214520407840510e+00
5.221978794459486650e+00
5.222256706335756782e+00
5.222238994686631663e+00
5.222067352705111354e+00
5.222143673811340925e+00
5.222298570233688153e+00
5.222106640363170627e+00
5.222401941858580976e+00
5.222236418446758677e+00
5.222550397681247070e+00
5.222613193528144571e+00
5.222502093183633676e+00
5.222718819362926368e+00
5.222379077729710772e+00
5.222357823750760630e+00
5.222534618212026913e+00
5.222587431129417368e+00
5.222697887413960238e+00
5.222580668499751333e+00
5.222498550853808652e+00
5.222310163313115261e+00
5.222448636206274308e+00
5.222329807142145341e+00
5.222373925249965687e+00
5.222488889954285618e+00
5.222443161696545211e+00
5.222634125477110700e+00
5.222409670578199048e+00
5.222548143471358095e+00
5.222542990991613010e+00
5.222491144164174592e+00
5.222213232287904461e+00
5.222492110254126629e+00
5.222491466194158605e+00
5.222573905870085298e+00
5.222485669654444607e+00
5.222484059504524545e+00
5.222429636437213141e+00
5.222387450509296869e+00
5.222416433207865083e+00
5.222143673811340925e+00
5.222081844054395461e+00
5.222058335865556344e+00
5.222106318333186614e+00
5.222211300107999499e+00
5.222393247049010867e+00
5.222263790995406829e+00
5.222103098033345603e+00
5.222153012680879058e+00
5.222190368159034257e+00
5.222375857429869761e+00
5.222435755006911151e+00
5.222387772539280881e+00
5.222394213138962904e+00
5.222156232980720070e+00
5.221707967242866566e+00
5.221498969783191946e+00
5.221820033677329498e+00
5.221350835990509864e+00
5.221929845901904343e+00
5.221995217988674831e+00
5.222321112332574344e+00
5.222701107713801250e+00
5.221483512343954914e+00
5.221503478202969006e+00
5.221957540480536508e+00
5.221813271047663463e+00
5.221290938413469362e+00
5.221522800002014186e+00
5.221708933332818603e+00
5.221945625371125388e+00
5.221523766091966223e+00
5.221058754794939638e+00
5.221504444292921043e+00
5.221884761704131961e+00
5.221748220990877876e+00
5.221657086505380185e+00
5.221631646136636995e+00
5.221641951096128054e+00
5.221588494118768686e+00
5.221614900577463914e+00
5.221708933332818603e+00
5.221515715342364139e+00
5.221750153170781950e+00
5.221331192161480672e+00
5.221653866205539174e+00
5.221707967242866566e+00
5.221708289272850578e+00
5.221644527336000152e+00
5.221739848211290891e+00
5.221601053288147831e+00
5.221684781084011462e+00
5.222011641517863900e+00
5.221733407611609756e+00
5.221394310038362185e+00
5.221444224685896529e+00
5.221416208077280352e+00
5.221614256517495889e+00
5.221451309345546576e+00
5.221535359171394219e+00
5.221142160560819256e+00
5.221588816148752699e+00
5.221742424451163878e+00
5.221260345564980199e+00
5.221500901963096020e+00
5.221365649369777984e+00
5.221229430686507911e+00
5.221323785471846612e+00
5.221449055135657602e+00
5.221298023073119410e+00
5.221335378551273720e+00
5.221050704045337554e+00
5.221147635070549242e+00
5.221186278668639602e+00
5.221220091816968889e+00
5.221224278206762826e+00
5.220926722501462613e+00
5.221088381553475877e+00
5.221286429993691414e+00
5.220735436690913112e+00
5.221046195625560493e+00
5.221028161946451362e+00
5.220805961257428685e+00
5.221118652371981028e+00
5.220979535418853956e+00
5.220916739571955567e+00
5.221014636687119292e+00
5.221092245913284913e+00
5.221050059985369529e+00
5.221149567250453316e+00
5.221279667364026267e+00
5.221491563093557886e+00
5.221212685127334829e+00
5.221070025844382734e+00
5.221373700119380068e+00
5.221497359633270996e+00
5.221531494811584295e+00
5.221304141642816532e+00
5.221455817765323637e+00
5.221752729410654936e+00
5.221590104268688748e+00
5.221723102652118698e+00
5.221672865974600342e+00
5.221930489961872368e+00
5.221503478202969006e+00
5.221909558012907127e+00
5.221818423527409436e+00
5.221711187542707577e+00
5.221948201610997486e+00
5.221900863203336129e+00
5.221891202303813984e+00
5.221919218912429272e+00
5.221939828831411390e+00
5.221806186388014304e+00
5.221833880966645580e+00
5.221941438981331451e+00
5.221423614766914412e+00
5.221944981311156475e+00
5.221802644058189280e+00
5.222061878195381368e+00
5.221695086043502521e+00
5.221993929868738782e+00
5.221798779698380244e+00
5.222094725253758618e+00
5.222215808527776559e+00
5.221966879350074642e+00
5.222032573466829142e+00
5.221980404609406712e+00
5.222057047745620295e+00
5.222101165853440641e+00
5.222188113949145283e+00
5.222035149706702128e+00
5.222119843592517796e+00
5.221818423527409436e+00
5.222225147397315581e+00
5.222054471505747308e+00
5.222114047052804686e+00
5.222261536785517855e+00
5.222252519945962845e+00
5.222409026518231023e+00
5.222444127786497248e+00
5.222467313945351464e+00
5.222556194220960180e+00
5.222422873807547106e+00
5.222668260655424000e+00
5.222377789609774723e+00
5.222745869881589620e+00
5.222558448430849154e+00
5.222868563305528511e+00
5.222641532166744760e+00
5.222804801368678085e+00
5.222547821441374083e+00
5.222862444735830501e+00
5.222600956388749438e+00
5.222370060890156651e+00
5.222839258576976285e+00
5.222781937239807881e+00
5.222560058580770104e+00
5.222590651429258379e+00
5.222580668499751333e+00
5.222794174379203902e+00
5.222535906331962963e+00
5.222317892032733333e+00
5.222242214986472675e+00
5.222513686263060784e+00
5.222485025594476582e+00
5.222754242661176605e+00
5.222593227669131366e+00
5.222491144164174592e+00
5.222436399066879176e+00
5.222659887875837903e+00
5.222534618212026913e+00
5.222654413366107917e+00
5.222723005752719416e+00
5.222457331015844417e+00
5.222434466886974214e+00
5.222673413135169973e+00
5.222555228131008143e+00
5.222529143702296928e+00
5.222579380379815284e+00
5.222655701486044855e+00
5.222857614286069428e+00
5.222414501027961009e+00
5.222803513248742036e+00
5.222672447045217048e+00
5.222557482340897117e+00
5.222717209213005418e+00
5.222809631818440046e+00
5.222710446583340271e+00
5.222888851194525728e+00
5.222741361461812559e+00
5.222776784760062796e+00
5.222969680720532359e+00
5.223274321085482619e+00
5.222969680720532359e+00
5.223145831121830618e+00
5.223271422815625620e+00
5.222942952231853120e+00
5.223247592596802491e+00
5.222949392831535143e+00
5.223320371373207038e+00
5.223261439886118573e+00
5.223094628354360225e+00
5.223165474950859810e+00
5.222911393293412807e+00
5.222920088102982916e+00
5.222982239889912393e+00
5.223213779448473204e+00
5.222984494099801367e+00
5.223146153151814630e+00
5.223050510246539879e+00
5.222854071956244404e+00
5.223033442657382786e+00
5.223160644501098737e+00
5.223133916012418609e+00
5.222991256729466514e+00
5.222907206903618871e+00
5.223141000672068657e+00
5.223079492945107205e+00
5.223065001595823986e+00
5.223039561227080796e+00
5.222975799290230370e+00
5.223044391676841869e+00
5.223139390522148595e+00
5.223074018435378107e+00
5.223205406668887107e+00
5.222901088333921749e+00
5.222982883949880417e+00
5.223117492483230428e+00
5.222975799290230370e+00
5.223161288561066762e+00
5.223156136081320788e+00
5.222951325011439216e+00
5.223399268719309596e+00
5.223148407361702716e+00
5.223050510246539879e+00
5.223311354533652917e+00
5.223251134926627515e+00
5.223235677487391371e+00
5.223347421891871178e+00
5.223014120858337606e+00
5.223203152458998133e+00
5.223184152689936965e+00
5.222979663650039406e+00
5.223216999748314215e+00
5.223199288099189097e+00
5.223174813820398832e+00
5.223167085100779872e+00
5.223546114392054740e+00
5.223174813820398832e+00
5.223148729391686729e+00
5.223024425817827776e+00
5.222952291101392142e+00
5.222646684646489845e+00
5.222664718325598976e+00
5.222770988220348798e+00
5.223157746231241738e+00
5.222811241968360108e+00
5.222888851194525728e+00
5.223015408978273655e+00
5.222827665497549177e+00
5.222928138852585001e+00
5.223062103325966987e+00
5.222971934930421334e+00
5.222814140238217107e+00
5.222862444735830501e+00
5.223116526393278392e+00
5.222631549237237714e+00
5.222600312328781413e+00
5.222660531935805928e+00
5.222719463422894393e+00
5.222514330323028808e+00
5.222757140931032716e+00
5.222414178997976997e+00
5.222311451433052198e+00
5.222356857660808593e+00
5.222309519253147236e+00
5.222092149013886520e+00
5.222334959621890427e+00
5.222090538863965570e+00
5.222561668730690165e+00
5.222460551315685429e+00
5.222314027672924297e+00
5.222268943475151914e+00
5.222055115565716221e+00
5.222199062968604366e+00
5.222187791919161270e+00
5.222069928944984341e+00
5.222067996765079378e+00
5.222067996765079378e+00
5.222045132636209175e+00
5.221986201149120710e+00
5.221931456051825293e+00
5.221944659281172463e+00
5.222191656278970306e+00
5.221634866436478006e+00
5.221845152016088676e+00
5.221630358016700058e+00
5.222076047514681463e+00
5.221952065970806522e+00
5.221879287194402863e+00
5.221687035293900436e+00
5.222060590075445319e+00
5.221893778543686082e+00
5.222206147628254413e+00
5.222105352243233689e+00
5.221909558012907127e+00
5.221764644520066057e+00
5.222170080270036152e+00
5.221669323644775318e+00
5.221053280285210541e+00
5.221932100111793318e+00
5.221393021918426136e+00
5.221877032984513889e+00
5.221749187080829913e+00
5.221477715804241804e+00
5.221928879811952307e+00
5.221283853753819315e+00
5.221631324106652983e+00
5.221700882583216519e+00
5.221793627218634271e+00
5.221690899653709472e+00
5.221680916724202426e+00
5.221674798154505304e+00
5.221517325492285089e+00
5.221382394928951065e+00
5.221026551796530413e+00
5.220879062063817244e+00
5.221438106116198519e+00
5.221417818227200414e+00
5.221206888587621719e+00
5.221276769094169268e+00
5.221167600929562447e+00
5.221086771403555815e+00
5.221149245220469304e+00
5.220788893668272479e+00
5.221101262752839922e+00
5.220944112120603720e+00
5.221037822845974397e+00
5.221078720653953731e+00
5.221101906812807947e+00
5.221221379936905826e+00
5.220963111889664887e+00
5.221036534726037459e+00
5.221251006695442065e+00
5.221355988470255838e+00
5.221326039681734699e+00
5.221339564941066769e+00
5.221436495966278457e+00
5.220669420544174599e+00
5.220938315580889721e+00
5.221659662745252284e+00
5.221561765630089447e+00
5.221525698271871185e+00
5.221783000229159200e+00
